[Conf] Using configuration from:conf
Training model: lstm
Namespace(cache=None, configuration='conf', dropout_rate=0.35, epochs=100, frate=0.0005, l2=0.0, load_weights=False, lr=0.0001, model='usHighWayLSTM', plot_weight_distributions=False, qf=6, qi=2, results=None, save_weights=False, seed=3735928559, sw_name='experiments/train/trained_models/usHighWayLSTM_100', train_once=True, train_with_errors=False, verbose=True, weight_name=None)
Training epoch 0
Time: 38869.430373284966
Test error:  [  6.9790745 160.2856      8.034123  161.02376     7.516617  161.565
   8.569375  168.18088     8.229256  168.50206     8.43818   162.69318
   9.082516  163.56985     8.652501  165.86168     9.266974  164.34134
   9.646072  165.94124  ]
Training epoch 1
Time: 40438.883047718555
Test error:  [  3.23802   162.51115     4.1676707 163.30531     4.452578  160.87204
   5.1995435 161.48192     5.535705  162.08046     5.924836  163.16728
   6.466716  162.79134     6.640735  163.64702     7.0670724 167.92232
   7.3528175 166.77922  ]
Training epoch 2
Time: 34283.2897446733
Test error:  [  2.252572  161.31139     3.2491612 156.64069     3.8346238 159.53973
   4.54087   162.18578     5.013979  161.96124     5.4649563 163.68681
   5.9745502 165.02954     6.313692  166.99158     6.710688  167.89473
   6.9919133 164.15685  ]
Training epoch 3
Time: 31473.575600830838
Test error:  [  1.9716135 155.8445      3.0824668 157.93002     3.7949038 160.48682
   4.432276  162.4439      4.967546  165.51578     5.4494295 162.56444
   5.9135284 164.56674     6.2057695 163.0614      6.6697683 163.55891
   6.9310384 163.52415  ]
Training epoch 4
Time: 27970.67648421973
Test error:  [  1.8919548 158.35997     2.9553545 156.27214     3.6362271 169.34038
   4.3384314 160.00922     4.863098  164.53339     5.3134937 162.18004
   5.815064  163.6987      6.144818  168.07603     6.687097  163.32077
   6.9294477 163.91109  ]
Training epoch 5
Time: 26922.164076095447
Test error:  [  1.937671  153.1593      2.993222  154.87447     3.649931  157.75792
   4.3990183 163.78368     4.9628096 162.17586     5.347616  162.41425
   5.812923  163.60031     6.1335406 164.22496     6.576595  163.54448
   6.8561683 166.55707  ]
Training epoch 6
Time: 25920.47795225121
Test error:  [  1.8811102 156.35143     2.9770596 156.31418     3.6492498 165.47885
   4.2988925 159.17447     4.859124  165.01196     5.3001156 165.59515
   5.7720513 168.63441     6.1207027 163.13026     6.5369925 163.69153
   6.830576  164.06956  ]
Training epoch 7
Time: 26864.278540879488
Test error:  [  1.8324727 158.6272      2.936674  156.96275     3.610841  155.83884
   4.2924223 158.9736      4.852158  166.59758     5.2948327 162.1336
   5.7683554 164.10889     6.1207137 168.17883     6.52242   163.29243
   6.8288264 164.7761   ]
Training epoch 8
Time: 26460.585423724726
Test error:  [  1.8448948 149.9405      3.0635784 155.81198     3.786363  156.9489
   4.4411173 163.4295      4.9267535 163.71667     5.4179068 162.28857
   5.9658837 163.24037     6.2976418 163.82224     6.733458  163.26184
   7.0250096 163.81783  ]
Training epoch 9
Time: 25260.518962610513
Test error:  [  1.8129371 150.20796     2.9460614 153.77527     3.6668544 157.38768
   4.319704  164.12225     4.9456906 164.19289     5.5031214 162.46393
   6.0062246 162.84564     6.3065867 163.12985     6.6546984 164.67361
   6.915942  163.85046  ]
Training epoch 10
Time: 29778.249017266557
Test error:  [  1.8045489 150.13406     2.9000175 151.09207     3.5894368 158.40146
   4.2899165 158.6798      4.8645415 161.08841     5.3310447 162.9626
   5.774787  163.27834     6.117508  166.01807     6.510184  163.45018
   6.821647  163.5285   ]
Training epoch 11
Time: 30476.2738210205
Test error:  [  1.7931874 148.86089     2.9042923 151.7378      3.6417737 156.03304
   4.343715  160.67062     4.899416  165.28178     5.465125  165.83508
   5.9542637 166.80199     6.229483  167.79984     6.6058416 163.87135
   6.9224315 167.37024  ]
Training epoch 12
Time: 30162.31410257891
Test error:  [  1.7893131 146.5231      2.8866708 149.6288      3.582523  158.1174
   4.2647014 159.14465     4.828372  161.0027      5.3064733 163.422
   5.781285  163.38834     6.1624036 164.81264     6.596685  165.01704
   6.917011  163.34714  ]
Training epoch 13
Time: 29782.42576373741
Test error:  [  1.7652948 148.16626     2.8795002 150.7392      3.597151  155.7266
   4.2622766 159.96127     4.827329  161.46097     5.278257  162.41014
   5.7462354 165.1757      6.1113796 163.17618     6.4975843 163.5252
   6.81567   163.42711  ]
Training epoch 14
Time: 29851.298110852018
Test error:  [  1.7502881 142.36731     2.8808832 154.89774     3.6200085 157.35457
   4.3398447 161.61081     4.9194756 166.04459     5.411753  162.78893
   5.8850217 164.76689     6.17674   167.27936     6.545909  163.79552
   6.9169164 163.58723  ]
Training epoch 15
Time: 29081.671371415257
Test error:  [  1.7556396 143.35573     2.8745925 148.6275      3.572527  154.27107
   4.265692  162.51868     4.8205953 161.51636     5.295745  162.45773
   5.75533   162.95467     6.115557  164.0052      6.4988766 163.88039
   6.8293104 164.74817  ]
Training epoch 16
Time: 28937.401853241026
Test error:  [  1.7583615 139.45406     2.8837092 148.9819      3.6755526 158.15556
   4.362349  161.16406     4.8453913 163.44493     5.285523  164.2532
   5.7578125 163.02063     6.127654  163.55463     6.4943533 163.14697
   6.828935  163.42949  ]
Training epoch 17
Time: 29468.805997198448
Test error:  [  1.7413381 146.76541     2.8553345 150.24164     3.5873644 155.65079
   4.2940536 159.33653     4.8093143 161.0898      5.2803707 174.06587
   5.762654  162.8132      6.129158  164.06554     6.536457  163.97173
   6.865731  163.31923  ]
Training epoch 18
Time: 30528.795619076118
Test error:  [  1.7459121 142.23685     2.8816166 147.39217     3.582628  154.04897
   4.2593236 160.03911     4.8531814 163.09436     5.3386445 162.33698
   5.797453  162.85606     6.1838064 163.12405     6.580759  163.85062
   6.936291  163.23155  ]
Training epoch 19
